<?xml version="1.0"?>
<opencv_storage>
<Distortion type_id="opencv-matrix">
  <rows>5</rows>
  <cols>1</cols>
  <dt>d</dt>
  <data>
    4.3953250641587999e-01 -1.6657326560896369e+01
    2.9861988273095367e-03 -3.0206477115238967e-03
    1.6982682915001681e+02</data></Distortion>
</opencv_storage>
