<?xml version="1.0"?>
<opencv_storage>
<Intrinsics type_id="opencv-matrix">
  <rows>3</rows>
  <cols>3</cols>
  <dt>d</dt>
  <data>
    9.2507019673358354e+02 0. 3.3474286228645468e+02 0.
    9.2507019673358354e+02 2.4219083536221348e+02 0. 0. 1.</data></Intrinsics>
</opencv_storage>
