0 0 40
0 0 40
0 0 40
0 0 40
0 0 40
0 0 40
0 0 40
0 0 40
0 0 40
0 0 40
0 0 40
0 0 40
0 0 40
0 0 40
0 0 40
0 0 40
0 0 40
0 0 40
0 0 40
0 0 40
0 37 40
1 40 40
1 0 40
1 0 40
2 40 40
2 0 40
2 39 40
2 0 40
2 38 40
3 40 40
4 40 40
5 40 40
6 40 40
7 40 40
8 40 40
Start Calibrate
P: [5600, 2240, 0, 1120, 0, 0, 0, 0, -1577250.142211914, -613883.1267089844, 0, -315126.6433105469;
 2240, 1920, 0, 640, 0, 0, 0, 0, -613883.1281738281, -520331.9034118652, 0, -174987.8869628906;
 0, 0, 0, 0, 0, 0, 0, 0, 0, 0, 0, 0;
 1120, 640, 0, 320, 0, 0, 0, 0, -315126.6434936523, -174987.8869934082, 0, -89816.89978027344;
 0, 0, 0, 0, 5600, 2240, 0, 1120, -2109791.158294678, -852644.3560791016, 0, -426951.1864013672;
 0, 0, 0, 0, 2240, 1920, 0, 640, -852644.3572998047, -752085.394744873, 0, -250795.1394958496;
 0, 0, 0, 0, 0, 0, 0, 0, 0, 0, 0, 0;
 0, 0, 0, 0, 1120, 640, 0, 320, -426951.186126709, -250795.1393127441, 0, -125575.7657165527;
 -1577250.142211914, -613883.1281738281, 0, -315126.6434936523, -2109791.158294678, -852644.3572998047, 0, -426951.186126709, 1240823322.678505, 493481052.5139443, 0, 251829525.74349;
 -613883.1267089844, -520331.9034118652, 0, -174987.8869934082, -852644.3560791016, -752085.394744873, 0, -250795.1393127441, 493481052.5139443, 436424247.9497435, 0, 146403922.3258502;
 0, 0, 0, 0, 0, 0, 0, 0, 0, 0, 0, 0;
 -315126.6433105469, -174987.8869628906, 0, -89816.89978027344, -426951.1864013672, -250795.1394958496, 0, -125575.7657165527, 251829525.74349, 146403922.3258502, 0, 74646575.01076171]
S: [1533051196.253695;
 204976425.3574546;
 13874357.16878507;
 6906.973764639451;
 876.0098267327102;
 57.14347514934219;
 5.143692940606606;
 1.526098952423871;
 0.06221727407190835;
 0;
 0;
 0]
U: [-0.001119779264103973, 0.0006339032389924734, 0.0003139419960469443, 0.7112600351164536, -0.3333204376708746, 0.1076702713862844, -0.5845969926782667, 0.1671427178007658, 0.04149306780473335, -2.668646812397596e-32, -4.717545644095514e-33, 0.01854343566277304;
 -0.0005203301752944925, -0.0009983040573252474, 0.0004254987577612848, 0.3439311088641083, 0.7399251109617601, 0.1310705792546214, -0.1301258079995465, -0.543864761580527, 0.06572421606483228, -5.604158306034951e-32, 3.585334689512588e-32, 0.4728090663754176;
 0, 0, 0, 0, 0, 0, 0, 0, 0, 0.5773502691896257, 0.8164965809277261, 0.3268172484588786;
 -0.0002416230554080346, -0.0001150997638710876, -0.001081793637416929, 0.1547809799416833, 0.1054237424160721, -0.7970075326927497, -0.06061572639136358, -0.005265175537068492, -0.5709679897750646, -1.067458724959038e-32, -2.516024343517606e-32, 0.1056296230423931;
 -0.001507261405911745, 0.0007088595428932853, 0.0004841313953034505, -0.5283817322480655, 0.3010958950396219, -0.05511100269853223, -0.7486696271082879, 0.2493784193321916, 0.06646780508858692, 1.200891065578918e-32, -6.919066944673415e-33, -0.458634502989214;
 -0.000731817729173087, -0.001517920685154344, 0.0004624241429148463, -0.2448340859249186, -0.486331665510862, -0.1453736191804653, -0.2641033008540148, -0.7784156776378994, 0.08197388697734263, -4.670131921695793e-33, 1.446713997522623e-32, -0.4052371751644749;
 0, 0, 0, 0, 0, 0, 0, 0, 0, -0.5773502691896257, 0.408248290463863, 0.1089390828196262;
 -0.0003316520403551905, -0.0002174063217691734, -0.001544645571058868, -0.1128379634511511, -0.05582919822706948, 0.5584226794325596, -0.08589440476670486, -0.09012136040048688, -0.8104397288914792, 2.134917449918077e-32, -1.006409737407042e-32, -0.1149498838990748;
 0.8843450088203767, -0.4508954524419582, -0.120923680626095, 5.09278526479414e-05, 0.0001163994124065747, 3.258443358344143e-05, -0.002064792492149555, 0.000597453048987561, 0.0001492752204289005, 1.248361184414682e-31, -1.157874894297807e-31, 0.4377079081783539;
 0.4240265295547579, 0.8841964491543957, -0.1959430579148989, -9.705693952803335e-05, 6.820038289620554e-05, -8.332841547811913e-05, -0.0006830349353677032, -0.001982223340478378, 0.0002069550764974231, 5.940605868027656e-32, -5.420263380663905e-32, 0.2246840472756096;
 0, 0, 0, 0, 0, 0, 0, 0, 0, -0.5773502691896257, 0.408248290463863, 0.1089390828196262;
 0.1952713680758975, 0.1220068225432098, 0.9731287157839486, -2.088737911698334e-05, -7.791688400193802e-05, -7.899576625554237e-06, 0.0001456248767879774, -4.407549749018893e-05, -0.001975059588748559, 3.269092345187055e-32, -2.368601042139621e-32, 0.06751121242932359]
V: [-0.001119779264103974, -0.000520330175294493, 0, -0.0002416230554080346, -0.001507261405911745, -0.0007318177291730873, 0, -0.0003316520403551905, 0.8843450088203767, 0.4240265295547579, 0, 0.1952713680758976;
 0.0006339032389924736, -0.000998304057325247, 0, -0.0001150997638710877, 0.0007088595428932855, -0.001517920685154343, 0, -0.0002174063217691734, -0.4508954524419582, 0.8841964491543958, 0, 0.1220068225432096;
 0.0003139419960469429, 0.0004254987577612842, 0, -0.001081793637416929, 0.0004841313953034553, 0.000462424142914851, 0, -0.001544645571058868, -0.1209236806260951, -0.1959430579148989, 0, 0.9731287157839482;
 0.7112600351164531, 0.3439311088641084, 0, 0.1547809799416832, -0.5283817322480657, -0.2448340859249185, 0, -0.1128379634511511, 5.092785264794024e-05, -9.705693952803369e-05, 0, -2.088737911697857e-05;
 -0.3333204376708744, 0.7399251109617592, 0, 0.1054237424160718, 0.3010958950396222, -0.4863316655108621, 0, -0.05582919822706955, 0.0001163994124065747, 6.820038289620426e-05, 0, -7.791688400193741e-05;
 0.107670271386284, 0.1310705792546206, 0, -0.7970075326927489, -0.05511100269853258, -0.1453736191804664, 0, 0.5584226794325611, 3.258443358344016e-05, -8.332841547812208e-05, 0, -7.899576625550434e-06;
 -0.584596992678288, -0.1301258079994773, 0, -0.06061572639135955, -0.7486696271083199, -0.2641033008539149, 0, -0.08589440476668977, -0.002064792492149634, -0.0006830349353674506, 0, 0.0001456248767879958;
 0.1671427178006887, -0.5438647615805478, 0, -0.005265175537046337, 0.2493784193320918, -0.7784156776379371, 0, -0.09012136040045711, 0.0005974530489872863, -0.001982223340478476, 0, -4.407549749006756e-05;
 0.04149306780473926, 0.06572421606480387, 0, -0.5709679897750662, 0.06646780508859594, 0.08197388697730137, 0, -0.8104397288914826, 0.0001492752204289204, 0.0002069550764973159, 0, -0.001975059588748564;
 0, 0, 1, 0, 0, 0, 0, 0, 0, 0, 0, 0;
 0, 0, 0, 0, 0, 0, 0, 0, 0, 0, 1, 0;
 0, 0, 0, 0, 0, 0, 1, 0, 0, 0, 0, 0]
